%YAML:1.0
depthShift: -4.4299626278385496e+01
