%YAML:1.0
rotation: !!opencv-matrix
   rows: 3
   cols: 3
   dt: d
   data: [ 9.9935259071331384e-01, -6.6278173615776899e-03,
       3.5362006046170742e-02, 5.7049876271179833e-03,
       9.9964216889987423e-01, 2.6134025203359661e-02,
       -3.5522563966615330e-02, -2.5915365985781036e-02,
       9.9903280289240792e-01 ]
translation: !!opencv-matrix
   rows: 3
   cols: 1
   dt: d
   data: [ -8.1639601516871843e-02, -1.4638237093075542e-02,
       6.8014342066132105e-02 ]
essential: !!opencv-matrix
   rows: 3
   cols: 3
   dt: d
   data: [ 1.3196673354340339e-04, -6.7610649147632568e-02,
       -1.6401567562245097e-02, 6.5070260982358574e-02,
       -2.5665067894252527e-03, 8.3965763505788646e-02,
       1.4163007245904176e-02, -8.1707407890395614e-02,
       -1.6159339750435504e-03 ]
fundamental: !!opencv-matrix
   rows: 3
   cols: 3
   dt: d
   data: [ -2.0621213944033719e-07, 1.0571093944189446e-04,
       -1.2736496388940144e-02, -1.0145555300476267e-04,
       4.0039694668808788e-06, -1.9860572949368889e-02,
       2.8266320910372910e-02, 3.6626980536018656e-02, 1. ]
