%YAML:1.0
cameraMatrix: !!opencv-matrix
   rows: 3
   cols: 3
   dt: d
   data: [ 1.0865515666794927e+03, 0., 9.4715697363505808e+02, 0.,
       1.0889472173028037e+03, 5.1369993439838561e+02, 0., 0., 1. ]
distortionCoefficients: !!opencv-matrix
   rows: 1
   cols: 5
   dt: d
   data: [ 1.0414871421451186e-01, -1.7669999482347959e-01,
       -3.6208978263246056e-03, -2.8466614697069425e-03,
       8.8739274968471560e-02 ]
rotation: !!opencv-matrix
   rows: 3
   cols: 3
   dt: d
   data: [ 1., 0., 0., 0., 1., 0., 0., 0., 1. ]
projection: !!opencv-matrix
   rows: 4
   cols: 4
   dt: d
   data: [ 1.0865515666794927e+03, 0., 9.4715697363505808e+02, 0., 0.,
       1.0889472173028037e+03, 5.1369993439838561e+02, 0., 0., 0., 1.,
       0., 0., 0., 0., 1. ]
