%YAML:1.0
cameraMatrix: !!opencv-matrix
   rows: 3
   cols: 3
   dt: d
   data: [ 3.4497482774275181e+02, 0., 2.5746989611998492e+02, 0.,
       3.4477227988879935e+02, 2.0462423436537256e+02, 0., 0., 1. ]
distortionCoefficients: !!opencv-matrix
   rows: 1
   cols: 5
   dt: d
   data: [ 1.4728301974640701e-01, -4.0341403672700327e-01,
       -1.4683805158314145e-03, -1.7427152730023618e-03,
       1.9552156027811879e-01 ]
rotation: !!opencv-matrix
   rows: 3
   cols: 3
   dt: d
   data: [ 1., 0., 0., 0., 1., 0., 0., 0., 1. ]
projection: !!opencv-matrix
   rows: 4
   cols: 4
   dt: d
   data: [ 3.4497482774275181e+02, 0., 2.5746989611998492e+02, 0., 0.,
       3.4477227988879935e+02, 2.0462423436537256e+02, 0., 0., 0., 1.,
       0., 0., 0., 0., 1. ]
